70 55
7 17
26 30
90 33
16 93
28 58
47 71
98 55
63 34
47 80
48 45
82 56
83 21
48 54
92 88
75 17
6 48
60 28
69 95
52 24
0 23
33 20
6 66
21 64
21 73
73 74
6 84
56 3
34 3
25 52
37 17
88 1
14 15
20 95
37 26
2 68
37 35
89 36
98 5
43 78
4 96
26 7
97 67
70 50
7 12
55 61
82 15
35 92
47 57
16 88
79 37
63 20
18 30
59 68
17 62
36 75
70 77
60 5
17 71
8 4
5 69
48 40
83 16
69 81
40 45
11 9
63 47
52 19
21 50
29 63
93 38
54 65
2 27
22 5
45 7
64 20
39 85
85 52
45 16
20 81
14 10
3 19
85 70
13 51
22 32
86 35
55 29
23 95
97 44
70 27
89 40
35 69
1 67
13 69
15 11
55 47
13 78
35 78
71 10
16 74
1 85
65 88
63 15
76 97
35 96
16 92
65 97
83 2
5 64
58 67
40 31
6 38
92 78
48 53
60 18
58 85
75 16
80 94
44 19
62 55
81 77
11 89
10 35
31 67
39 80
34 11
37 7
62 91
23 72
51 54
3 14
22 27
13 46
35 55
66 70
78 35
79 0
99 67
59 31
15 6
4 95
24 73
18 2
71 5
70 40
55 51
79 18
65 83
36 47
36 56
71 23
48 21
63 19
36 65
29 26
58 62
92 73
63 37
77 84
69 80
52 9
33 14
31 53
93 37
0 84
51 31
39 66
54 64
20 62
64 1
32 36
67 3
12 67
66 47
89 12
70 8
43 54
78 21
3 18
14 18
55 28
87 97
70 26
90 4
24 68
1 66
9 25
90 22
63 5
28 38
88 98
57 92
80 57
92 68
29 30
9 61
62 27
18 91
93 5
42 76
19 74
19 83
66 15
73 63
30 92
2 21
86 20
35 36
88 48
23 89
64 90
36 19
16 50
1 61
59 30
46 69
63 0
47 46
48 11
63 9
69 43
76 91
80 43
21 12
57 96
6 23
77 74
60 3
21 30
62 31
81 53
10 11
74 14
31 43
51 21
66 19
84 55
31 61
0 92
86 6
97 6
95 73
16 18
55 0
43 44
32 44
35 40
95 91
45 72
24 49
53 85
72 98
55 27
16 45
87 96
76 59
47 23
96 74
22 88
57 55
3 84
56 99
77 42
46 73
5 44
92 49
62 8
49 87
50 52
27 50
15 85
73 17
90 97
73 35
39 33
11 51
18 99
8 73
93 22
31 38
32 12
0 78
74 27
31 56
24 17
84 68
23 61
95 77
78 6
67 6
4 57
65 36
36 9
65 54
88 56
56 85
17 14
47 27
9 10
86 95
57 59
48 1
38 55
5 30
26 62
80 42
49 73
7 67
79 83
81 25
81 34
94 62
27 72
0 55
12 20
74 4
20 24
51 2
23 38
87 41
66 18
4 34
95 63
52 92
84 72
33 97
16 26
46 27
38 32
97 90
26 57
67 95
92 39
69 37
26 66
47 98
26 75
27 40
62 7
19 36
39 14
7 80
54 12
40 86
21 82
84 31
11 59
12 24
0 59
94 66
72 38
32 2
84 49
4 29
23 42
41 78
88 10
33 74
41 87
99 19
96 32
41 96
88 28
44 92
74 93
72 74
64 79
68 40
38 36
61 1
5 11
58 14
86 85
57 58
78 90
27 17
69 32
55 97
79 64
15 61
47 93
81 6
71 60
17 89
81 15
7 75
8 40
94 43
63 74
73 20
60 50
20 14
94 61
40 90
21 86
6 97
41 64
87 31
44 60
32 6
84 44
53 38
88 5
4 33
45 34
87 49
24 11
10 76
46 8
93 92
57 8
25 83
64 65
44 96
97 62
2 90
68 26
57 35
78 67
7 25
3 73
55 74
68 53
78 85
89 85
19 8
36 88
30 17
82 55
90 68
63 51
94 29
27 39
30 35
82 73
90 86
0 31
94 47
6 74
20 18
83 65
94 65
29 94
52 59
87 26
87 44
44 73
2 67
85 83
88 27
46 21
38 17
15 24
78 62
13 91
57 39
68 39
50 0
15 42
91 10
82 41
26 51
50 18
91 19
70 85
8 12
27 25
59 94
19 21
9 93
21 58
63 73
44 32
4 5
6 87
52 54
10 48
34 15
52 63
39 93
10 66
34 33
20 98
3 27
85 78
66 74
34 51
76 29
89 48
38 12
97 61
57 25
46 25
26 19
15 10
36 60
71 27
7 24
98 44
59 71
36 69
91 14
18 42
82 45
55 91
19 7
5 72
92 86
48 61
71 63
21 44
94 28
60 26
50 98
12 4
41 40
23 4
33 36
34 1
21 80
72 27
81 94
3 13
85 64
10 70
12 89
68 2
78 34
67 34
2 75
14 40
24 72
13 72
49 16
51 98
24 81
89 52
43 94
24 90
18 19
78 70
13 79
47 64
98 48
27 6
8 2
8 11
71 49
83 14
77 92
82 58
69 88
52 17
9 83
69 97
41 26
81 71
60 48
62 67
33 31
81 89
37 1
33 49
3 8
37 10
54 90
14 17
20 88
23 84
97 33
20 97
66 64
31 97
74 77
76 10
98 7
38 2
24 67
59 34
79 12
18 5
98 34
24 94
18 23
71 26
76 95
88 97
82 35
28 64
5 62
36 77
30 6
28 73
48 51
83 18
28 82
58 83
69 83
50 79
61 88
21 52
75 32
8 91
44 35
72 17
22 7
86 10
25 40
51 52
23 79
89 24
57 1
68 1
14 30
13 53
12 97
97 46
26 4
79 7
15 13
1 78
88 83
48 10
90 25
68 86
1 96
65 99
68 18
16 94
63 26
47 72
6 31
40 33
26 98
44 3
29 51
58 87
69 96
52 25
2 6
42 79
8 86
20 60
10 37
31 69
74 49
95 81
85 58
74 58
31 87
43 52
87 95
36 22
35 66
47 31
43 79
55 44
79 11
48 5
82 7
40 1
47 49
48 14
16 80
71 16
40 10
65 94
21 6
38 86
40 37
52 2
92 75
93 12
33 16
62 52
31 46
91 97
74 26
42 92
10 32
54 66
86 9
4 56
78 5
12 69
24 34
89 5
66 58
96 59
64 88
78 32
59 28
88 64
4 92
28 22
59 37
88 73
36 44
16 75
28 40
29 5
77 63
57 94
6 21
29 23
58 59
21 19
18 84
77 81
62 29
50 73
50 82
39 45
73 47
81 60
91 83
11 72
42 87
23 46
74 30
2 23
93 43
11 90
12 55
66 35
43 33
95 71
35 29
78 0
32 42
66 44
1 36
70 5
43 51
16 34
55 25
88 59
34 88
5 15
28 17
77 31
57 62
92 29
38 58
46 71
69 36
40 0
49 76
21 14
18 79
8 53
8 62
62 42
19 71
91 87
8 80
11 76
83 92
20 54
51 32
85 34
95 66
66 30
1 22
99 36
25 96
59 9
59 18
36 16
65 52
22 81
92 15
88 63
3 77
45 92
88 72
99 72
3 95
5 37
6 2
68 75
80 40
98 85
18 65
62 10
81 23
27 52
42 50
61 63
11 44
0 44
62 28
73 46
66 7
51 18
75 74
66 16
52 81
84 61
44 77
32 23
87 57
53 55
4 50
52 99
13 28
88 31
84 79
53 73
65 38
55 15
99 49
47 11
36 20
38 39
38 48
80 26
58 26
78 93
67 93
27 29
58 44
42 27
8 34
50 49
62 32
12 13
23 13
82 99
93 10
11 57
75 60
54 37
72 45
32 9
95 47
52 76
83 91
13 5
4 36
23 49
13 14
41 76
95 65
35 23
56 55
87 70
99 35
16 28
99 44
34 73
46 38
92 5
3 67
76 51
34 82
97 83
56 82
26 41
57 56
69 21
14 85
15 50
9 16
59 84
42 13
14 94
15 68
27 33
62 0
18 73
54 5
7 82
11 43
40 79
0 43
19 56
84 24
30 56
63 90
60 66
31 30
44 58
52 71
99 3
95 51
45 41
13 18
88 21
45 50
2 79
16 23
64 72
77 2
86 69
32 98
22 75
86 78
69 7
76 55
92 18
80 16
78 83
27 10
97 96
8 6
27 19
90 57
47 86
42 17
15 63
70 97
91 40
18 68
30 33
19 33
62 13
40 65
60 43
39 20
83 54
87 15
20 25
29 92
12 21
72 44
34 27
96 11
64 40
1 2
10 69
16 0
10 78
74 81
64 58
38 6
22 52
68 28
14 66
58 11
14 75
15 40
27 5
58 20
80 20
71 48
78 96
79 61
8 19
91 35
19 28
63 62
75 27
48 73
54 4
60 56
31 20
94 58
12 16
83 58
6 94
25 44
44 57
73 93
93 71
87 37
46 5
93 89
22 47
46 14
66 81
43 88
90 29
98 42
7 22
78 73
50 2
98 51
61 11
91 12
89 91
59 87
18 49
40 73
56 8
41 56
44 52
41 65
64 30
85 62
54 93
65 4
14 29
99 15
85 80
12 96
22 42
67 41
57 18
86 63
S
